 0.22 0.99 0.41 0.99 0.54 0.99 0.54 0.94 0.56 0.61 0.51 0.63 0.34 0.83
 0.74 0.99 0.57 0.63 0.50 0.94 0.39 0.94 0.22 0.83 0.09 0.61 0.03 0.61
 0.11 0.99 0.19 0.83 0.37 0.63 0.65 0.83 0.83 0.63 0.78 0.63 0.56 0.63
 0.46 0.63 0.59 0.61 0.55 0.94 0.56 0.83 0.50 0.94 0.33 0.99 0.16 0.83
 0.77 0.61 0.56 0.61 0.46 0.99 0.35 0.63 0.18 0.61 0.07 0.61 0.02 0.63
 0.97 0.61 0.87 0.63 0.58 0.94 0.29 0.61 0.11 0.63 0.04 0.94 0.01 0.63
 0.11 0.61 0.27 0.63 0.48 0.99 0.65 0.83 0.65 0.61 0.50 0.61 0.38 0.83
 0.84 0.99 0.95 0.63 0.81 0.63 0.51 0.83 0.24 0.63 0.09 0.63 0.03 0.63
 0.08 0.94 0.20 0.99 0.40 0.61 0.58 0.63 0.64 0.61 0.52 0.63 0.43 0.99
 0.53 0.94 0.53 0.63 0.60 0.83 0.62 0.63 0.45 0.63 0.25 0.63 0.10 0.63
 0.99 0.99 0.91 0.83 0.63 0.61 0.33 0.83 0.13 0.94 0.04 0.61 0.01 0.61
 0.15 0.83 0.35 0.94 0.60 0.63 0.78 0.63 0.75 0.94 0.55 0.61 0.30 0.99
 0.10 0.99 0.22 0.63 0.37 0.61 0.45 0.94 0.58 0.94 0.65 0.94 0.53 0.63
 0.38 0.99 0.44 0.99 0.59 0.61 0.71 0.94 0.61 0.63 0.39 0.94 0.19 0.83
 0.44 0.61 0.60 0.61 0.76 0.61 0.68 0.61 0.45 0.83 0.23 0.99 0.09 0.63
 0.83 0.99 0.98 0.99 0.89 0.94 0.61 0.61 0.32 0.61 0.12 0.94 0.04 0.63