 0.39 0.94 0.57 0.83 0.77 0.83 0.74 0.63 0.52 0.99 0.28 0.99 0.12 0.63
 0.08 0.94 0.21 0.94 0.47 0.94 0.76 0.63 0.92 0.83 0.83 0.94 0.58 0.83
 0.95 0.94 0.80 0.83 0.49 0.94 0.23 0.99 0.11 0.61 0.05 0.83 0.01 0.94
 0.15 0.61 0.36 0.83 0.62 0.83 0.83 0.94 0.83 0.63 0.63 0.99 0.36 0.83
 0.44 0.94 0.72 0.83 0.90 0.61 0.83 0.94 0.58 0.61 0.31 0.83 0.12 0.94
 0.76 0.83 0.93 0.83 0.85 0.83 0.58 0.94 0.29 0.63 0.11 0.94 0.04 0.83
 0.25 0.63 0.45 0.83 0.73 0.94 0.85 0.94 0.73 0.94 0.48 0.63 0.24 0.63
 0.10 0.61 0.24 0.61 0.43 0.61 0.55 0.61 0.54 0.94 0.54 0.94 0.46 0.99
 0.34 0.63 0.60 0.61 0.79 0.61 0.78 0.99 0.57 0.94 0.32 0.83 0.18 0.99
 0.12 0.94 0.20 0.83 0.39 0.94 0.67 0.63 0.82 0.61 0.76 0.61 0.53 0.63
 0.35 0.94 0.54 0.61 0.77 0.61 0.78 0.83 0.58 0.63 0.33 0.83 0.14 0.61
 0.97 0.99 0.91 0.63 0.64 0.94 0.33 0.94 0.13 0.94 0.04 0.63 0.01 0.83
 0.05 0.94 0.17 0.94 0.40 0.83 0.70 1.00 0.93 0.83 0.96 0.99 0.76 0.94
 0.22 0.94 0.37 0.94 0.44 0.94 0.58 0.94 0.68 0.61 0.57 0.61 0.36 0.61
 0.05 0.63 0.18 0.63 0.41 0.63 0.71 0.99 0.94 0.94 0.96 0.83 0.76 0.63
 0.46 0.63 0.78 0.99 0.91 0.61 0.79 0.99 0.52 0.83 0.27 0.61 0.11 0.99