 0.71 0.94 0.57 0.94 0.53 0.99 0.44 0.63 0.26 0.83 0.12 0.83 0.04 0.63
 0.15 0.83 0.28 0.63 0.38 0.94 0.55 0.63 0.71 0.61 0.66 0.83 0.46 0.99
 0.12 0.63 0.23 0.61 0.33 0.83 0.52 0.94 0.71 0.63 0.71 0.94 0.53 0.63
 0.30 0.99 0.56 0.99 0.76 0.63 0.78 0.63 0.59 0.83 0.34 0.99 0.20 0.63
 0.95 0.61 0.80 0.83 0.49 0.61 0.22 0.94 0.11 0.83 0.04 0.99 0.01 0.94
 0.12 0.99 0.20 0.61 0.39 0.94 0.67 0.94 0.82 0.94 0.76 0.94 0.53 0.99
 0.54 0.61 0.72 0.61 0.70 0.99 0.50 0.63 0.38 0.63 0.25 0.61 0.12 0.94
 0.05 0.83 0.11 0.83 0.25 0.61 0.52 0.99 0.78 0.63 0.87 0.83 0.74 0.99
 0.16 0.94 0.33 0.99 0.53 0.83 0.62 0.83 0.54 0.99 0.49 0.83 0.38 0.83
 0.98 0.61 0.94 0.99 0.69 0.63 0.38 0.99 0.16 0.99 0.05 0.61 0.01 0.61
 0.08 0.94 0.15 0.94 0.32 0.61 0.60 0.61 0.82 0.94 0.83 0.99 0.63 0.99
 0.97 0.61 0.96 0.83 0.72 0.99 0.42 0.63 0.18 0.61 0.06 0.94 0.02 0.61
 0.50 0.61 0.62 0.94 0.55 0.83 0.54 0.94 0.47 0.99 0.30 0.83 0.14 0.94
 0.52 0.83 0.81 0.61 0.95 0.94 0.85 0.63 0.57 0.83 0.29 0.83 0.11 0.61
 0.37 0.99 0.62 0.63 0.75 0.83 0.67 0.94 0.45 0.99 0.31 0.94 0.19 0.83
 0.12 0.63 0.23 0.99 0.33 0.83 0.52 0.61 0.71 0.94 0.71 0.63 0.53 0.61