 0.63 0.63 0.86 0.99 0.88 0.94 0.67 0.94 0.38 0.61 0.16 0.83 0.07 0.83
 0.51 0.63 0.62 0.61 0.55 0.63 0.54 0.61 0.47 0.99 0.29 0.83 0.14 0.83
 0.57 0.94 0.84 0.83 0.84 0.94 0.63 0.63 0.36 0.94 0.16 0.83 0.05 0.83
 0.62 0.94 0.56 0.61 0.58 0.83 0.54 0.94 0.36 0.63 0.18 0.99 0.07 0.63
 0.84 0.94 0.85 0.63 0.62 0.63 0.34 0.63 0.19 0.99 0.10 0.94 0.04 0.94
 0.18 0.83 0.39 0.83 0.66 0.83 0.85 0.99 0.82 0.83 0.60 0.94 0.33 0.61
 0.80 0.99 0.97 0.94 0.88 0.63 0.60 0.99 0.31 0.94 0.12 0.99 0.03 0.99
 0.46 0.63 0.65 0.61 0.68 0.94 0.53 0.61 0.43 0.94 0.30 0.99 0.16 0.99
 0.20 0.99 0.42 0.83 0.68 0.83 0.82 0.99 0.74 0.99 0.51 0.61 0.26 0.94
 0.39 0.99 0.45 0.83 0.60 0.99 0.70 0.63 0.59 0.94 0.38 0.94 0.18 0.61
 0.20 0.61 0.43 0.99 0.72 0.99 0.91 0.61 0.87 0.94 0.63 0.83 0.35 0.63
 0.11 0.94 0.25 0.63 0.54 0.99 0.81 0.99 0.91 0.99 0.77 0.94 0.51 0.99
 0.04 0.99 0.12 0.99 0.32 0.61 0.62 0.99 0.87 0.83 0.93 0.83 0.77 0.94
 0.44 0.63 0.48 0.83 0.60 0.94 0.68 0.63 0.55 0.99 0.33 0.99 0.15 0.61
 0.31 0.99 0.50 0.63 0.76 0.63 0.82 0.63 0.65 0.63 0.39 0.63 0.18 0.99
 0.40 0.63 0.45 0.61 0.60 0.94 0.70 0.99 0.59 0.61 0.37 0.83 0.18 0.94