 0.27 0.94 0.50 0.63 0.67 0.99 0.67 0.94 0.50 0.99 0.38 0.94 0.25 0.94
 0.07 0.94 0.23 0.83 0.49 0.94 0.79 0.94 0.97 0.83 0.91 0.83 0.67 0.61
 0.96 0.94 0.97 0.83 0.76 0.61 0.45 0.83 0.21 0.61 0.07 0.99 0.02 0.94
 0.96 0.83 0.88 0.61 0.60 0.94 0.30 0.63 0.11 0.63 0.04 0.63 0.01 0.94
 0.90 0.94 0.95 0.99 0.75 0.94 0.44 0.61 0.19 0.83 0.06 0.61 0.02 0.63
 0.39 0.63 0.68 0.94 0.87 0.99 0.85 0.83 0.62 0.61 0.34 0.94 0.14 0.99
 0.21 0.83 0.41 0.61 0.60 0.61 0.65 0.63 0.53 0.61 0.44 0.61 0.32 0.63
 0.10 0.99 0.26 0.94 0.50 0.63 0.74 0.63 0.82 0.94 0.69 0.94 0.44 0.61
 0.47 0.94 0.76 0.94 0.95 0.83 0.91 0.63 0.66 0.61 0.36 0.61 0.15 0.99
 0.42 0.94 0.47 0.99 0.60 0.83 0.69 0.61 0.57 0.94 0.35 0.99 0.16 0.99
 0.49 0.99 0.51 0.94 0.61 0.63 0.64 0.63 0.49 0.99 0.28 0.99 0.12 0.83
 0.29 0.61 0.49 0.94 0.76 0.94 0.83 0.61 0.68 0.94 0.42 0.99 0.20 0.99
 0.78 0.94 0.73 0.61 0.50 0.94 0.38 0.83 0.25 0.94 0.12 0.94 0.04 0.99
 0.99 0.99 0.93 0.61 0.67 0.61 0.37 0.99 0.15 0.63 0.05 0.63 0.01 0.61
 0.94 0.99 0.81 0.94 0.50 0.63 0.23 0.61 0.11 0.61 0.05 0.99 0.01 0.63
 0.46 0.63 0.59 0.63 0.55 0.99 0.56 1.00 0.50 0.61 0.33 0.99 0.16 0.99