 0.92 0.99 0.95 0.83 0.73 0.61 0.42 0.83 0.18 0.83 0.06 0.94 0.02 0.99
 0.62 0.63 0.89 0.99 0.98 0.61 0.83 0.94 0.53 0.83 0.26 0.83 0.09 0.61
 0.94 0.63 0.94 0.83 0.70 0.94 0.39 0.83 0.16 0.61 0.05 0.61 0.02 0.94
 0.07 0.94 0.18 0.99 0.43 0.63 0.73 0.63 0.91 0.63 0.87 0.99 0.63 0.99
 0.48 0.94 0.50 0.83 0.61 0.83 0.65 0.63 0.51 0.83 0.29 0.99 0.13 0.94
 0.43 0.63 0.76 0.61 0.91 0.99 0.82 0.63 0.57 0.94 0.30 0.83 0.12 0.99
 0.10 0.94 0.23 0.61 0.37 0.61 0.45 0.99 0.58 0.61 0.64 0.63 0.53 0.61
 0.06 0.94 0.16 0.94 0.37 0.61 0.63 0.99 0.82 0.99 0.81 0.83 0.60 0.63
 0.94 0.61 0.98 0.94 0.78 0.83 0.47 0.94 0.21 0.61 0.07 0.83 0.02 0.99
 0.49 0.83 0.80 0.99 0.90 0.94 0.75 0.63 0.48 0.99 0.24 0.61 0.09 0.94
 0.95 0.99 0.98 0.61 0.78 0.83 0.47 0.94 0.22 0.61 0.08 0.83 0.02 0.99
 0.70 0.61 0.81 0.94 0.68 0.61 0.43 0.61 0.28 0.83 0.16 0.61 0.07 0.83
 0.05 0.99 0.18 0.94 0.41 0.63 0.71 0.83 0.94 0.99 0.96 0.94 0.75 0.61
 0.07 0.99 0.17 0.63 0.30 0.83 0.40 0.99 0.56 0.61 0.68 0.61 0.60 0.61
 0.39 0.99 0.67 0.83 0.87 0.94 0.85 0.63 0.62 0.94 0.34 0.63 0.14 0.83
 0.33 0.83 0.61 0.99 0.85 0.83 0.91 0.99 0.73 0.94 0.44 0.63 0.20 0.94