 0.51 0.61 0.52 0.63 0.61 0.63 0.63 0.99 0.48 0.83 0.27 0.63 0.11 0.94
 0.26 0.94 0.35 0.94 0.54 0.83 0.74 0.63 0.73 0.94 0.53 0.61 0.30 0.61
 0.52 0.94 0.63 0.94 0.70 0.83 0.55 0.61 0.32 1.00 0.14 0.83 0.05 0.63
 0.62 0.61 0.69 0.99 0.55 0.99 0.49 0.94 0.38 0.83 0.21 0.83 0.09 0.83
 0.19 0.94 0.42 0.63 0.70 0.94 0.90 0.61 0.87 0.94 0.65 0.94 0.36 0.83
 0.60 0.63 0.88 0.94 0.98 0.63 0.83 0.99 0.54 0.99 0.26 0.94 0.10 0.94
 0.52 0.61 0.82 0.63 0.88 0.63 0.71 0.83 0.44 0.94 0.21 0.61 0.08 0.83
 0.15 0.99 0.30 0.99 0.45 0.83 0.50 0.99 0.58 0.61 0.59 0.61 0.44 0.61
 0.54 0.99 0.63 0.99 0.67 0.94 0.50 0.63 0.28 0.94 0.12 0.61 0.04 0.63
 0.89 0.63 0.96 0.63 0.77 0.94 0.46 0.99 0.20 0.61 0.07 0.94 0.02 0.61
 0.12 0.83 0.26 0.99 0.41 0.61 0.47 0.99 0.58 0.94 0.62 0.61 0.49 0.83
 0.98 0.63 0.92 0.99 0.65 0.63 0.34 0.99 0.14 0.61 0.04 0.99 0.01 0.83
 0.19 0.61 0.40 0.83 0.66 0.83 0.81 0.63 0.74 0.61 0.52 0.63 0.27 0.99
 0.08 0.94 0.18 0.99 0.27 0.61 0.47 0.83 0.70 0.61 0.76 0.61 0.62 0.61
 0.11 0.83 0.27 0.61 0.53 0.61 0.78 0.61 0.88 0.83 0.75 0.94 0.49 0.83
 0.21 0.94 0.39 0.61 0.53 0.63 0.53 0.83 0.56 0.83 0.52 0.63 0.35 0.63