 0.25 0.99 0.45 0.83 0.74 0.94 0.85 0.61 0.73 0.83 0.47 0.83 0.24 0.83
 0.91 0.61 0.91 0.94 0.67 0.63 0.36 0.63 0.15 0.83 0.06 0.83 0.02 0.94
 0.58 0.99 0.75 0.83 0.70 0.99 0.48 0.94 0.35 0.94 0.22 0.94 0.11 0.63
 0.83 0.99 0.85 0.63 0.63 0.94 0.35 0.94 0.20 0.61 0.10 0.83 0.04 0.94
 0.51 0.61 0.63 0.99 0.71 0.61 0.56 0.63 0.33 0.61 0.15 0.99 0.05 0.63
 0.77 0.99 0.73 0.94 0.51 0.94 0.39 0.94 0.26 0.94 0.13 0.63 0.05 0.94
 0.08 0.63 0.23 0.63 0.47 0.83 0.73 0.83 0.87 0.99 0.78 0.83 0.53 0.63
 0.59 0.94 0.67 0.94 0.55 0.61 0.50 0.63 0.40 0.99 0.23 0.94 0.10 0.94
 0.60 0.94 0.81 0.99 0.81 0.63 0.60 0.94 0.33 0.63 0.19 0.94 0.09 0.94
 0.26 0.63 0.46 0.99 0.74 0.94 0.85 0.99 0.72 0.63 0.46 0.94 0.23 0.83
 0.14 0.61 0.27 0.83 0.36 0.99 0.54 0.83 0.71 0.94 0.68 0.94 0.48 0.94
 0.57 0.61 0.84 0.83 0.93 0.63 0.77 0.63 0.48 0.99 0.23 0.61 0.08 0.99
 0.22 0.83 0.37 0.63 0.44 0.63 0.58 0.99 0.68 0.99 0.57 0.83 0.36 0.83
 0.32 0.83 0.60 0.99 0.86 0.61 0.94 0.83 0.79 0.63 0.50 0.94 0.24 0.99
 0.07 0.63 0.15 0.63 0.25 0.63 0.44 0.94 0.68 0.94 0.78 0.63 0.67 0.63
 0.16 0.83 0.37 0.99 0.64 0.61 0.84 0.99 0.83 0.83 0.62 0.94 0.35 0.63