 0.34 0.83 0.58 0.99 0.73 0.61 0.67 0.83 0.47 0.61 0.33 0.63 0.20 0.83
 0.35 0.94 0.54 0.94 0.77 0.99 0.78 0.61 0.58 0.83 0.33 0.99 0.14 0.61
 0.30 0.99 0.58 0.99 0.83 0.83 0.91 0.83 0.75 0.61 0.47 0.63 0.22 0.61
 0.10 0.99 0.24 0.94 0.53 0.99 0.80 0.83 0.91 0.61 0.78 0.61 0.52 0.83
 0.19 0.94 0.42 0.94 0.71 0.63 0.90 0.94 0.87 0.63 0.64 0.61 0.36 0.94
 0.08 0.63 0.15 0.63 0.32 0.61 0.61 0.61 0.82 0.63 0.82 0.63 0.63 0.61
 0.35 0.83 0.63 0.63 0.85 0.63 0.85 0.94 0.65 0.63 0.37 0.94 0.16 0.63
 0.33 0.83 0.53 0.94 0.77 0.61 0.80 0.99 0.61 0.99 0.36 0.83 0.16 0.63
 0.27 0.61 0.35 0.99 0.54 0.94 0.74 0.63 0.72 0.61 0.53 0.63 0.29 0.63
 0.06 0.94 0.18 0.61 0.39 0.61 0.63 0.63 0.78 0.63 0.73 0.61 0.51 0.61
 0.37 0.63 0.56 0.83 0.77 0.99 0.76 0.99 0.56 0.83 0.31 0.61 0.13 0.61
 0.32 0.61 0.52 0.61 0.62 0.99 0.55 0.99 0.51 0.63 0.41 0.83 0.24 0.83
 0.98 0.61 0.92 0.83 0.65 0.99 0.34 0.99 0.14 0.61 0.04 0.83 0.01 0.63
 0.62 0.63 0.83 0.83 0.81 0.61 0.58 0.94 0.32 0.94 0.18 0.94 0.08 0.61
 0.78 0.83 0.55 0.99 0.45 0.63 0.33 0.94 0.17 0.99 0.07 0.99 0.02 1.00
 0.79 0.94 0.53 0.94 0.41 0.99 0.28 0.83 0.14 0.61 0.05 0.61 0.01 0.63