 0.35 0.83 0.63 0.83 0.85 0.83 0.85 0.94 0.65 0.83 0.37 0.94 0.16 0.63
 0.60 0.99 0.86 0.61 0.93 0.61 0.75 0.61 0.46 0.63 0.21 0.83 0.07 0.83
 0.25 0.99 0.34 0.61 0.53 0.61 0.74 0.99 0.74 0.94 0.55 0.99 0.31 0.99
 0.37 0.61 0.65 0.83 0.86 0.94 0.85 0.94 0.63 0.94 0.36 0.63 0.15 0.83
 0.96 0.63 0.93 0.61 0.66 0.61 0.35 0.99 0.14 0.63 0.04 0.61 0.01 0.99
 0.52 0.61 0.80 0.63 0.92 0.61 0.80 0.83 0.52 0.61 0.26 0.94 0.09 0.61
 0.08 0.83 0.23 0.99 0.47 0.99 0.73 0.83 0.87 0.61 0.78 0.99 0.53 0.94
 0.51 0.99 0.74 0.99 0.80 0.94 0.63 0.83 0.38 0.94 0.23 0.83 0.12 0.94
 0.64 0.83 0.83 0.99 0.74 0.99 0.50 0.94 0.25 0.94 0.10 0.61 0.03 0.61
 0.08 0.83 0.22 0.63 0.43 0.83 0.65 0.63 0.73 0.83 0.62 0.63 0.40 0.63
 0.51 0.99 0.81 0.61 0.89 0.83 0.73 0.63 0.46 0.63 0.22 0.63 0.08 0.83
 0.67 0.83 0.79 0.83 0.64 0.94 0.39 0.94 0.18 0.94 0.06 0.94 0.02 0.94
 0.18 0.94 0.39 0.94 0.66 0.83 0.85 0.61 0.82 0.83 0.60 0.83 0.33 0.63
 0.26 0.94 0.57 0.63 0.85 0.94 0.95 0.94 0.80 0.99 0.53 0.83 0.27 0.94
 0.64 0.99 0.90 0.61 0.96 0.99 0.78 0.63 0.47 0.94 0.22 0.99 0.08 0.94
 0.67 0.99 0.89 0.94 0.88 0.63 0.65 0.94 0.36 0.61 0.15 0.61 0.06 0.63