 0.74 0.83 0.57 0.99 0.50 0.99 0.39 0.94 0.22 0.94 0.09 0.94 0.03 0.94
 0.56 0.61 0.84 0.63 0.96 0.94 0.83 0.83 0.54 0.94 0.27 0.99 0.10 0.83
 0.98 0.61 0.91 0.83 0.63 0.61 0.32 0.63 0.12 0.63 0.04 0.63 0.01 0.99
 0.15 0.99 0.33 0.94 0.56 0.94 0.70 0.99 0.66 0.83 0.47 0.61 0.33 0.83
 0.36 0.63 0.55 0.63 0.77 0.83 0.77 0.94 0.57 0.83 0.32 0.61 0.14 0.99
 0.18 0.61 0.38 0.94 0.61 0.94 0.73 0.83 0.65 0.61 0.44 0.61 0.30 0.94
 0.98 0.94 0.91 0.83 0.63 0.61 0.32 0.99 0.12 0.63 0.04 0.99 0.01 0.61
 0.38 0.61 0.71 0.63 0.91 0.61 0.87 0.61 0.63 0.61 0.35 0.99 0.15 0.83
 0.63 0.94 0.56 0.99 0.58 0.99 0.53 0.83 0.35 0.61 0.18 0.83 0.07 0.99
 0.08 0.94 0.24 0.61 0.51 0.99 0.80 0.94 0.97 0.83 0.90 0.94 0.65 0.61
 0.20 0.63 0.29 0.63 0.48 0.94 0.73 0.83 0.78 0.94 0.63 0.94 0.38 0.99
 0.31 0.61 0.59 0.83 0.84 0.61 0.91 0.99 0.74 0.61 0.46 0.63 0.21 0.63
 0.47 0.63 0.79 0.63 0.90 0.63 0.77 0.99 0.50 0.83 0.25 0.99 0.10 0.99
 0.40 0.99 0.58 0.83 0.77 0.83 0.72 0.94 0.50 0.94 0.26 0.83 0.11 0.83
 0.43 0.61 0.60 0.83 0.76 0.63 0.69 0.83 0.47 0.83 0.24 0.61 0.09 0.99
 0.13 0.83 0.31 0.94 0.56 0.63 0.75 0.83 0.76 0.99 0.57 0.83 0.33 0.83