 0.30 0.63 0.57 0.99 0.84 0.63 0.94 0.99 0.81 0.61 0.52 0.63 0.26 0.83
 0.69 0.94 0.80 0.83 0.69 0.83 0.43 0.99 0.29 0.83 0.17 0.61 0.07 0.83
 0.14 0.83 0.23 0.61 0.42 0.61 0.69 0.94 0.82 0.61 0.72 0.94 0.48 0.99
 0.10 0.94 0.18 0.83 0.36 0.83 0.64 0.83 0.83 0.94 0.79 0.83 0.58 0.83
 0.11 0.83 0.28 0.83 0.51 0.63 0.72 0.63 0.75 0.63 0.59 0.61 0.35 0.63
 0.59 0.99 0.85 0.94 0.93 0.83 0.76 0.83 0.47 0.94 0.22 0.83 0.08 0.61
 0.68 0.83 0.57 0.83 0.55 0.94 0.48 0.99 0.30 0.63 0.14 0.61 0.05 0.83
 0.41 0.61 0.70 0.94 0.92 0.99 0.93 0.94 0.71 0.83 0.41 0.99 0.18 0.61
 0.41 0.99 0.55 0.61 0.54 0.99 0.58 0.61 0.54 0.63 0.37 0.99 0.19 0.94
 0.27 0.83 0.52 0.94 0.77 0.63 0.85 0.99 0.70 0.83 0.44 0.63 0.21 0.63
 0.83 0.99 0.97 0.63 0.86 0.83 0.58 0.99 0.29 0.61 0.11 0.83 0.03 0.99
 0.28 0.94 0.60 0.94 0.87 0.83 0.94 0.61 0.77 0.83 0.49 0.63 0.24 0.61
 0.93 0.63 0.98 0.99 0.79 1.00 0.49 0.63 0.22 0.83 0.08 0.83 0.02 0.99
 0.16 0.94 0.33 0.83 0.64 0.63 0.86 0.83 0.85 0.83 0.65 0.99 0.38 0.61
 0.17 0.61 0.37 0.94 0.63 0.61 0.79 0.63 0.75 0.63 0.54 0.94 0.29 0.94
 0.41 0.94 0.46 0.99 0.60 0.83 0.70 0.99 0.58 0.63 0.36 0.94 0.17 0.83