 0.10 0.61 0.23 0.99 0.38 0.61 0.45 0.94 0.58 0.63 0.64 0.61 0.52 0.94
 0.98 0.99 0.92 0.83 0.65 0.63 0.34 0.99 0.14 0.94 0.04 0.83 0.01 0.99
 0.17 0.61 0.26 0.63 0.46 0.63 0.71 0.99 0.80 0.94 0.67 0.63 0.42 0.61
 0.90 0.83 0.99 0.61 0.83 0.63 0.53 0.83 0.25 0.99 0.09 0.99 0.03 0.61
 0.09 0.63 0.16 0.83 0.33 0.63 0.61 0.63 0.82 0.83 0.82 0.63 0.62 0.99
 0.39 0.94 0.54 0.83 0.53 0.99 0.58 0.61 0.55 0.83 0.38 0.94 0.20 0.94
 0.50 1.00 0.79 0.63 0.95 0.83 0.86 0.83 0.59 0.99 0.30 0.61 0.12 0.94
 0.60 0.99 0.59 0.94 0.53 0.94 0.33 0.83 0.16 0.63 0.06 0.99 0.02 0.94
 0.53 0.83 0.63 0.61 0.69 0.61 0.53 0.94 0.30 0.94 0.13 0.99 0.04 0.94
 0.66 0.61 0.81 0.63 0.68 0.61 0.43 0.83 0.20 0.94 0.07 0.99 0.02 0.63
 0.98 0.94 0.90 0.83 0.62 0.99 0.32 0.83 0.12 0.83 0.03 0.63 0.01 0.94
 0.65 0.94 0.70 0.99 0.55 0.83 0.47 0.94 0.35 0.83 0.19 0.99 0.08 0.63
 0.86 0.63 0.99 0.61 0.87 0.83 0.58 0.83 0.29 0.99 0.11 0.94 0.03 0.99
 0.11 0.61 0.19 0.63 0.38 0.99 0.66 0.99 0.83 0.99 0.77 0.99 0.54 0.63
 0.53 0.61 0.76 0.61 0.80 0.63 0.63 0.94 0.37 0.61 0.22 0.83 0.12 0.94
 0.12 0.83 0.26 0.61 0.55 0.61 0.82 0.83 0.90 0.61 0.75 0.94 0.48 0.94