 0.16 0.83 0.35 0.61 0.58 0.63 0.71 0.94 0.66 0.63 0.45 0.94 0.32 0.63
 0.75 0.61 0.73 0.94 0.52 1.00 0.40 0.94 0.27 0.94 0.13 0.94 0.05 0.94
 0.93 0.94 0.95 0.63 0.72 0.63 0.41 0.63 0.17 0.63 0.05 0.63 0.02 0.61
 0.77 0.83 0.56 1.00 0.46 0.94 0.35 0.63 0.18 0.99 0.07 0.83 0.02 0.61
 0.33 0.94 0.57 0.63 0.72 0.83 0.67 0.63 0.47 0.83 0.34 0.83 0.21 0.63
 0.27 0.94 0.35 0.83 0.54 0.61 0.74 0.63 0.72 0.61 0.53 0.83 0.29 0.61
 0.11 0.83 0.25 0.83 0.54 0.83 0.81 0.83 0.91 0.99 0.77 0.63 0.51 0.83
 0.97 0.99 0.96 0.99 0.72 0.99 0.41 0.94 0.18 0.99 0.06 0.63 0.01 0.63
 0.09 0.83 0.22 0.83 0.49 0.63 0.78 0.61 0.91 0.83 0.81 0.83 0.56 0.61
 0.65 0.83 0.56 0.94 0.57 0.63 0.51 0.63 0.33 0.63 0.16 0.94 0.06 0.61
 0.88 0.61 0.92 0.99 0.70 0.63 0.39 0.83 0.17 0.94 0.07 0.63 0.03 0.61
 0.20 0.94 0.34 0.63 0.43 0.99 0.58 0.61 0.69 0.61 0.59 0.94 0.38 0.63
 0.66 0.94 0.85 0.99 0.80 0.94 0.56 0.83 0.29 0.94 0.16 0.99 0.07 0.94
 0.38 0.83 0.71 0.83 0.91 0.94 0.88 0.61 0.64 0.83 0.36 0.63 0.16 0.61
 0.44 0.83 0.73 0.99 0.92 0.94 0.89 0.83 0.64 0.83 0.35 0.99 0.14 0.63
 0.98 0.61 0.93 0.61 0.67 0.94 0.36 0.83 0.14 0.94 0.04 0.83 0.01 0.94