 0.67 0.61 0.81 0.83 0.67 0.61 0.41 0.83 0.20 0.61 0.07 0.99 0.02 0.61
 0.96 0.83 0.97 0.83 0.75 0.99 0.44 0.83 0.19 0.99 0.06 0.99 0.02 0.99
 0.13 0.61 0.22 0.83 0.41 0.83 0.68 0.94 0.82 0.94 0.74 0.61 0.50 0.99
 0.14 0.94 0.33 0.83 0.59 0.63 0.81 0.63 0.83 0.83 0.65 0.83 0.38 0.63
 0.88 0.83 0.99 0.83 0.85 0.63 0.55 0.63 0.27 0.94 0.10 0.94 0.03 0.94
 0.54 0.63 0.63 0.83 0.67 0.94 0.50 0.99 0.28 0.99 0.12 0.63 0.04 0.83
 0.08 0.63 0.23 0.94 0.46 0.63 0.70 0.94 0.81 0.94 0.71 0.61 0.47 0.83
 0.74 0.99 0.93 0.94 0.86 0.94 0.59 0.83 0.31 0.63 0.12 0.94 0.05 0.83
 0.63 0.63 0.84 0.94 0.77 0.94 0.53 0.99 0.27 0.63 0.11 0.94 0.03 0.99
 0.06 0.94 0.16 0.99 0.35 0.99 0.58 0.63 0.70 0.83 0.64 0.63 0.44 0.63
 0.30 0.83 0.62 0.99 0.88 0.63 0.93 0.63 0.76 0.99 0.47 0.99 0.23 0.61
 0.11 0.63 0.18 0.63 0.36 0.63 0.65 0.83 0.83 0.94 0.79 0.83 0.57 0.94
 0.08 0.61 0.14 0.83 0.31 0.94 0.59 0.61 0.81 0.63 0.84 0.61 0.66 0.99
 0.12 0.63 0.27 0.61 0.56 0.94 0.82 0.99 0.90 0.63 0.75 0.63 0.48 0.83
 0.73 0.99 0.57 0.61 0.52 0.99 0.42 0.94 0.24 0.63 0.10 0.99 0.03 0.94
 0.92 0.94 0.83 0.61 0.54 0.63 0.26 0.61 0.13 0.83 0.06 0.61 0.02 0.63